 ###### PERMANOVA Analysis #######

Call
PERMANOVA(Distance = D, group = as.factor(dic_cleaned$group))
________________________________________________

Contrast Matrix
             34/80 G1 G10 G11 G12 G13 G14 G15 G2 G3 G4 G5 G6 G7 G8 G9 SEMIA_4027 SEMIA_4029 SEMIA_4060 SEMIA_4064 SEMIA_4080 SEMIA_4084 SEMIA_4085 SEMIA_4089 SEMIA_414 SEMIA_442 SEMIA_475
C 34/80          1  0   0   0   0   0   0   0  0  0  0  0  0  0  0  0          0          0          0          0          0          0          0          0         0         0         0
C G1             0  1   0   0   0   0   0   0  0  0  0  0  0  0  0  0          0          0          0          0          0          0          0          0         0         0         0
C G10            0  0   1   0   0   0   0   0  0  0  0  0  0  0  0  0          0          0          0          0          0          0          0          0         0         0         0
C G11            0  0   0   1   0   0   0   0  0  0  0  0  0  0  0  0          0          0          0          0          0          0          0          0         0         0         0
C G12            0  0   0   0   1   0   0   0  0  0  0  0  0  0  0  0          0          0          0          0          0          0          0          0         0         0         0
C G13            0  0   0   0   0   1   0   0  0  0  0  0  0  0  0  0          0          0          0          0          0          0          0          0         0         0         0
C G14            0  0   0   0   0   0   1   0  0  0  0  0  0  0  0  0          0          0          0          0          0          0          0          0         0         0         0
C G15            0  0   0   0   0   0   0   1  0  0  0  0  0  0  0  0          0          0          0          0          0          0          0          0         0         0         0
C G2             0  0   0   0   0   0   0   0  1  0  0  0  0  0  0  0          0          0          0          0          0          0          0          0         0         0         0
C G3             0  0   0   0   0   0   0   0  0  1  0  0  0  0  0  0          0          0          0          0          0          0          0          0         0         0         0
C G4             0  0   0   0   0   0   0   0  0  0  1  0  0  0  0  0          0          0          0          0          0          0          0          0         0         0         0
C G5             0  0   0   0   0   0   0   0  0  0  0  1  0  0  0  0          0          0          0          0          0          0          0          0         0         0         0
C G6             0  0   0   0   0   0   0   0  0  0  0  0  1  0  0  0          0          0          0          0          0          0          0          0         0         0         0
C G7             0  0   0   0   0   0   0   0  0  0  0  0  0  1  0  0          0          0          0          0          0          0          0          0         0         0         0
C G8             0  0   0   0   0   0   0   0  0  0  0  0  0  0  1  0          0          0          0          0          0          0          0          0         0         0         0
C G9             0  0   0   0   0   0   0   0  0  0  0  0  0  0  0  1          0          0          0          0          0          0          0          0         0         0         0
C SEMIA_4027     0  0   0   0   0   0   0   0  0  0  0  0  0  0  0  0          1          0          0          0          0          0          0          0         0         0         0
C SEMIA_4029     0  0   0   0   0   0   0   0  0  0  0  0  0  0  0  0          0          1          0          0          0          0          0          0         0         0         0
C SEMIA_4060     0  0   0   0   0   0   0   0  0  0  0  0  0  0  0  0          0          0          1          0          0          0          0          0         0         0         0
C SEMIA_4064     0  0   0   0   0   0   0   0  0  0  0  0  0  0  0  0          0          0          0          1          0          0          0          0         0         0         0
C SEMIA_4080     0  0   0   0   0   0   0   0  0  0  0  0  0  0  0  0          0          0          0          0          1          0          0          0         0         0         0
C SEMIA_4084     0  0   0   0   0   0   0   0  0  0  0  0  0  0  0  0          0          0          0          0          0          1          0          0         0         0         0
C SEMIA_4085     0  0   0   0   0   0   0   0  0  0  0  0  0  0  0  0          0          0          0          0          0          0          1          0         0         0         0
C SEMIA_4089     0  0   0   0   0   0   0   0  0  0  0  0  0  0  0  0          0          0          0          0          0          0          0          1         0         0         0
C SEMIA_414      0  0   0   0   0   0   0   0  0  0  0  0  0  0  0  0          0          0          0          0          0          0          0          0         1         0         0
C SEMIA_442      0  0   0   0   0   0   0   0  0  0  0  0  0  0  0  0          0          0          0          0          0          0          0          0         0         1         0
C SEMIA_475      0  0   0   0   0   0   0   0  0  0  0  0  0  0  0  0          0          0          0          0          0          0          0          0         0         0         1
________________________________________________

MANOVA
      Explained Residual G.L. Num G.L. Denom    F-exp   p-value
Total  237.5083 633.9333       26         70 1.008695 0.4845155
